78 62 95 7 -23 74 104 34 -29 10 33 6 -27 -54 -72 37 31 -50 -68 -60 -7 -67 -68 -61 2 0 0 0 0 0 0 0 0 0 0 0 0 0 0 0 0 0 0 0 0 0 0 0 0 0 0 0 0 0 0 0 0 0 0 0 0 0 0 0
8003550 
-34 -46 -67 -46 -7 59 65 60 -16 26 -18 9 75 59 33 -3 1 41 18 30 -2 60 -4 30 14 0 0 0 0 0 0 0 0 0 0 0 0 0 0 0 0 0 0 0 0 0 0 0 0 0 0 0 0 0 0 0 0 0 0 0 0 0 0 0
8003550 
-33 39 -34 49 -25 36 -27 3 35 4 7 -11 25 75 -55 -15 60 92 8 -42 3 60 79 -17 12 0 0 0 0 0 0 0 0 0 0 0 0 0 0 0 0 0 0 0 0 0 0 0 0 0 0 0 0 0 0 0 0 0 0 0 0 0 0 0
8003550
71 77 27 26 27 25 3 30 43 39 -49 8 59 -11 64 -48 -86 -58 7 15 -5 -9 -66 -78 -32 0 0 0 0 0 0 0 0 0 0 0 0 0 0 0 0 0 0 0 0 0 0 0 0 0 0 0 0 0 0 0 0 0 0 0 0 0 0 0 
8003550
27 77 25 -22 -55 66 57 15 48 -55 -43 16 41 44 -27 -69 -10 60 62 -20 -65 -27 -12 50 -26 0 0 0 0 0 0 0 0 0 0 0 0 0 0 0 0 0 0 0 0 0 0 0 0 0 0 0 0 0 0 0 0 0 0 0 0 0 0 0
8003550
51 2 30 34 76 -21 40 64 24 46 -33 -50 8 36 -43 -84 -35 -83 -96 -127 31 -42 -84 -29 5 0 0 0 0 0 0 0 0 0 0 0 0 0 0 0 0 0 0 0 0 0 0 0 0 0 0 0 0 0 0 0 0 0 0 0 0 0 0 0
8003550
