0 0 0 0 0 0 0 0 0 0 0 0 0 0 0 0 0 0 0 42 0 0 0 0 111
0 0 0 0 0 0 0 0 0 0 0 0 0 0 0 0 0 0 42 92 0 0 0 111 126
0 0 0 0 0 0 0 0 0 0 0 0 0 0 0 0 0 42 92 79 0 0 111 126 126
0 0 0 0 0 0 0 0 0 0 0 0 0 0 0 0 42 92 79 75 0 111 126 126 126
0 0 0 0 0 0 0 0 0 0 0 0 0 0 0 42 92 79 75 30 111 126 126 126 126
0 0 0 0 0 0 0 0 0 0 0 0 0 0 0 92 79 75 30 18 126 126 126 126 120
0 0 0 0 0 0 0 0 0 0 0 0 0 0 0 79 75 30 18 0 126 126 126 120 99
0 0 0 0 0 0 0 0 0 0 0 0 0 0 0 75 30 18 0 0 126 126 120 99 99
0 0 0 0 0 0 0 0 0 0 0 0 0 0 0 30 18 0 0 0 126 120 99 99 99
0 0 0 0 0 0 0 0 0 0 0 0 0 0 0 18 0 0 0 0 120 99 99 99 99
0 0 0 0 0 0 0 0 0 0 0 0 0 0 0 0 0 0 0 0 99 99 99 99 99
0 0 0 0 0 0 0 0 0 0 0 0 0 0 0 0 0 0 0 0 99 99 99 99 99
0 0 0 0 0 0 0 0 0 0 0 0 0 0 0 0 0 0 0 0 99 99 99 99 99
0 0 0 0 0 0 0 0 0 0 0 0 0 0 0 0 0 0 0 0 99 99 99 99 99
0 0 0 0 0 0 0 0 0 0 0 0 0 0 0 0 0 0 0 0 99 99 99 99 85
0 0 0 0 0 0 0 0 0 0 0 0 0 0 0 0 0 0 0 0 99 99 99 85 26
0 0 0 0 0 0 0 0 0 0 0 0 0 0 0 0 0 0 0 0 99 99 85 26 0
0 0 0 0 0 0 0 0 0 0 0 0 0 0 0 0 0 0 0 0 99 85 26 0 0
0 0 0 0 0 0 0 0 0 0 0 0 0 0 0 0 0 0 0 0 85 26 0 0 0
0 0 0 0 0 0 0 0 0 0 0 0 0 0 0 0 0 0 0 0 26 0 0 0 0
0 0 0 0 0 0 0 0 0 0 0 0 0 0 0 0 0 0 0 0 0 0 0 0 0